Total objects: 37
Font Obj (7, 0): dict keys=[[84, 121, 112, 101], [83, 117, 98, 116, 121, 112, 101], [69, 110, 99, 111, 100, 105, 110, 103], [66, 97, 115, 101, 70, 111, 110, 116], [68, 101, 115, 99, 101, 110, 100, 97, 110, 116, 70, 111, 110, 116, 115], [84, 111, 85, 110, 105, 99, 111, 100, 101]]
Font Obj (8, 0): dict keys=[[84, 121, 112, 101], [83, 117, 98, 116, 121, 112, 101], [66, 97, 115, 101, 70, 111, 110, 116], [67, 73, 68, 84, 111, 71, 73, 68, 77, 97, 112], [70, 111, 110, 116, 68, 101, 115, 99, 114, 105, 112, 116, 111, 114], [68, 87], [87], [67, 73, 68, 83, 121, 115, 116, 101, 109, 73, 110, 102, 111]]
 FontDescriptor: 9 0 R
  FD keys: [[84, 121, 112, 101], [70, 111, 110, 116, 78, 97, 109, 101], [83, 116, 101, 109, 86], [68, 101, 115, 99, 101, 110, 116], [65, 115, 99, 101, 110, 116], [67, 97, 112, 72, 101, 105, 103, 104, 116], [70, 108, 97, 103, 115], [73, 116, 97, 108, 105, 99, 65, 110, 103, 108, 101], [70, 111, 110, 116, 66, 66, 111, 120], [70, 111, 110, 116, 70, 105, 108, 101, 50]]
  Has FontFile2
Font Obj (12, 0): dict keys=[[84, 121, 112, 101], [83, 117, 98, 116, 121, 112, 101], [69, 110, 99, 111, 100, 105, 110, 103], [66, 97, 115, 101, 70, 111, 110, 116], [68, 101, 115, 99, 101, 110, 100, 97, 110, 116, 70, 111, 110, 116, 115], [84, 111, 85, 110, 105, 99, 111, 100, 101]]
Font Obj (13, 0): dict keys=[[84, 121, 112, 101], [83, 117, 98, 116, 121, 112, 101], [66, 97, 115, 101, 70, 111, 110, 116], [67, 73, 68, 84, 111, 71, 73, 68, 77, 97, 112], [70, 111, 110, 116, 68, 101, 115, 99, 114, 105, 112, 116, 111, 114], [68, 87], [87], [67, 73, 68, 83, 121, 115, 116, 101, 109, 73, 110, 102, 111]]
 FontDescriptor: 14 0 R
  FD keys: [[84, 121, 112, 101], [70, 111, 110, 116, 78, 97, 109, 101], [83, 116, 101, 109, 86], [68, 101, 115, 99, 101, 110, 116], [65, 115, 99, 101, 110, 116], [67, 97, 112, 72, 101, 105, 103, 104, 116], [70, 108, 97, 103, 115], [73, 116, 97, 108, 105, 99, 65, 110, 103, 108, 101], [70, 111, 110, 116, 66, 66, 111, 120], [70, 111, 110, 116, 70, 105, 108, 101, 50]]
  Has FontFile2
Font Obj (16, 0): dict keys=[[84, 121, 112, 101], [83, 117, 98, 116, 121, 112, 101], [66, 97, 115, 101, 70, 111, 110, 116], [69, 110, 99, 111, 100, 105, 110, 103], [70, 105, 114, 115, 116, 67, 104, 97, 114], [76, 97, 115, 116, 67, 104, 97, 114], [87, 105, 100, 116, 104, 115], [70, 111, 110, 116, 68, 101, 115, 99, 114, 105, 112, 116, 111, 114]]
 FontDescriptor: 17 0 R
  FD keys: [[84, 121, 112, 101], [70, 111, 110, 116, 78, 97, 109, 101], [83, 116, 101, 109, 86], [68, 101, 115, 99, 101, 110, 116], [65, 115, 99, 101, 110, 116], [67, 97, 112, 72, 101, 105, 103, 104, 116], [70, 108, 97, 103, 115], [73, 116, 97, 108, 105, 99, 65, 110, 103, 108, 101], [70, 111, 110, 116, 66, 66, 111, 120], [70, 111, 110, 116, 70, 105, 108, 101, 50]]
  Has FontFile2
Font Obj (19, 0): dict keys=[[84, 121, 112, 101], [83, 117, 98, 116, 121, 112, 101], [69, 110, 99, 111, 100, 105, 110, 103], [66, 97, 115, 101, 70, 111, 110, 116], [68, 101, 115, 99, 101, 110, 100, 97, 110, 116, 70, 111, 110, 116, 115], [84, 111, 85, 110, 105, 99, 111, 100, 101]]
Font Obj (20, 0): dict keys=[[84, 121, 112, 101], [83, 117, 98, 116, 121, 112, 101], [66, 97, 115, 101, 70, 111, 110, 116], [67, 73, 68, 84, 111, 71, 73, 68, 77, 97, 112], [70, 111, 110, 116, 68, 101, 115, 99, 114, 105, 112, 116, 111, 114], [68, 87], [87], [67, 73, 68, 83, 121, 115, 116, 101, 109, 73, 110, 102, 111]]
 FontDescriptor: 21 0 R
  FD keys: [[84, 121, 112, 101], [70, 111, 110, 116, 78, 97, 109, 101], [83, 116, 101, 109, 86], [68, 101, 115, 99, 101, 110, 116], [65, 115, 99, 101, 110, 116], [67, 97, 112, 72, 101, 105, 103, 104, 116], [70, 108, 97, 103, 115], [73, 116, 97, 108, 105, 99, 65, 110, 103, 108, 101], [70, 111, 110, 116, 66, 66, 111, 120], [70, 111, 110, 116, 70, 105, 108, 101, 50]]
  Has FontFile2
Font Obj (23, 0): dict keys=[[84, 121, 112, 101], [83, 117, 98, 116, 121, 112, 101], [66, 97, 115, 101, 70, 111, 110, 116], [69, 110, 99, 111, 100, 105, 110, 103], [70, 105, 114, 115, 116, 67, 104, 97, 114], [76, 97, 115, 116, 67, 104, 97, 114], [87, 105, 100, 116, 104, 115], [70, 111, 110, 116, 68, 101, 115, 99, 114, 105, 112, 116, 111, 114]]
 FontDescriptor: 24 0 R
  FD keys: [[84, 121, 112, 101], [70, 111, 110, 116, 78, 97, 109, 101], [83, 116, 101, 109, 86], [68, 101, 115, 99, 101, 110, 116], [65, 115, 99, 101, 110, 116], [67, 97, 112, 72, 101, 105, 103, 104, 116], [70, 108, 97, 103, 115], [73, 116, 97, 108, 105, 99, 65, 110, 103, 108, 101], [70, 111, 110, 116, 66, 66, 111, 120], [70, 111, 110, 116, 70, 105, 108, 101, 50]]
  Has FontFile2
Font Obj (25, 0): dict keys=[[84, 121, 112, 101], [83, 117, 98, 116, 121, 112, 101], [66, 97, 115, 101, 70, 111, 110, 116], [69, 110, 99, 111, 100, 105, 110, 103], [70, 105, 114, 115, 116, 67, 104, 97, 114], [76, 97, 115, 116, 67, 104, 97, 114], [87, 105, 100, 116, 104, 115], [70, 111, 110, 116, 68, 101, 115, 99, 114, 105, 112, 116, 111, 114]]
 FontDescriptor: 26 0 R
  FD keys: [[84, 121, 112, 101], [70, 111, 110, 116, 78, 97, 109, 101], [83, 116, 101, 109, 86], [68, 101, 115, 99, 101, 110, 116], [65, 115, 99, 101, 110, 116], [67, 97, 112, 72, 101, 105, 103, 104, 116], [70, 108, 97, 103, 115], [73, 116, 97, 108, 105, 99, 65, 110, 103, 108, 101], [70, 111, 110, 116, 66, 66, 111, 120], [70, 111, 110, 116, 70, 105, 108, 101, 50]]
  Has FontFile2
